2.50937455292911971968
7.48493173971596112913
9.89354379409772210349
12.25742488648921665489
14.13507775903777080989
17.71409256153115895323
18.88909760017588073795
20.60481911491253262583
22.66635642792466587252
25.28550752850252321310
26.66048203878250296742
28.99723231317671624580
30.13244058379747752560
31.44589058256335008426
34.31134814871948200646
36.07004107661726541300
37.18948618688047471474
38.58895062546931961023
40.69041710800720757961
41.99640907775237980637
44.16095204781287510286
45.95562251176600699195
46.96122667000339896653
48.57324539474628848819
49.51857626920139206120
52.36831123939746593008
53.68806058193451053058
54.56131845951382444653
56.57605549939197043789
57.75870748070064927096
59.02447905127516428762
60.89716093079679148995
62.80093219579402887241
64.33080280719746392332
65.14905785936490125751
66.22854023090203693561
68.15623924111326693865
69.86010745540689791079
71.40674714322022981676
72.62081129731357379902
73.97562903855694818130
75.72742290456285092021
76.29779493270436731575
77.76285513876159078649
80.58327172497451847375
80.96235447046457471207
82.54892036923499985131
83.56609131029494448876
84.98720535412395823262
86.42113952840821046119
88.26633401109190197026
89.16236774935316139749
91.08433982530250891401
92.29518450405646984650
93.19536703128966497248
94.26970679575533458033
95.84881339284806085751
97.88190130371483317217
99.21467961773296583782
100.07752894108120137417
101.10900714276951483254
102.89985540836843950559
104.03721645140132307194
104.95067942339567712387
107.01118631318248254141
108.35599121323920359058
109.59662958103504444307
110.62735201370782448272
111.83893011697665118243
112.55240094271548309001
114.89906859073191198361
116.18032410621921997426
117.13286854043941839903
118.42847136590247695162
120.03814133446973112879
120.64710029975879574769
122.27562407850729420805
123.05737948882238672582
125.09420877388707429581
126.76360190107703300892
127.49285181731360959330
128.32438340807761532746
129.64080831170498146777
131.09855186710118325967
132.27331491070083040472
133.98751246462347900852
135.08841119654140075963
136.12126815844518931617
137.80931129408958219319
138.67412603091930448558
139.59345674596553001427
140.57398623278566587803
142.88428570421723138062
144.05249654397806155340
144.87998354568756095745
146.40099504671176735565
146.86066495264310449721
148.59432433555021736605
149.69368650351353439739
151.04759501436765420898
152.16224179939048493985
154.07093762499628161097
154.82624964298614803947
155.96069527788821983184
156.89058860130127234231
158.02552377481700353169
159.31175469058475626293
161.40496830426637464876
162.25711999408286035428
163.08774420356835198766
164.28038266564262543854
165.82003602910592625018
166.91237216305096342791
167.42153503586372519804
169.17467612720243310360
170.70060792622561573688
171.97924169604483129452
173.00568273077913841333
174.20459331819520225321
174.60380445261263352954
176.06981634870616503031
177.79116955008949795745
178.82795115628998430624
180.18694746510521424922
181.13920059156601853112
182.57100047225294945270
183.39441313446312857172
184.74063485646967626527
185.56755922171350221835
186.51700312983239538824
188.85864484182892449541
189.67452250516624175446
190.90334290789062640615
191.25200521521020262122
192.96431462216783095826
193.84134625147435137969
195.11574020161254635844
196.43900934316005455041
197.91044612907760709859
198.55373484735460501148
200.39638153972124304514
201.20146437121666304999
202.05736697336188517169
202.93284286250136339597
204.19891469409676140287
206.10235357510699405897
207.03742750505858985555
208.42908212686342561810
209.01691329138919064284
210.08746367310588047830
211.48679535731011387241
212.73890579772689063950
213.38126450264384558695
214.74190580797307700904
216.48576157865478023695
217.60187779815056237353
218.31570226211992585397
219.55283021674415584335
