5.19811619946654558608
8.41361099147117759846
9.97989590209139315061
13.85454287448149778876
15.74686940763941532761
17.16141654370607042291
19.65122423323359536954
21.65252506979642618330
24.15466453997877089700
25.68439458577475868572
27.13547137980929158541
28.64452753804391579442
31.84774663804095524858
32.74739063281339313639
34.35044122160486850148
36.44798398706108812249
37.37953167877961162724
39.57467223828350455921
41.63369016849716437682
43.33044411227613346121
44.25925719483782731822
45.46395163943458587356
47.75829107161495879280
49.54355560391856968678
50.97331252159187568512
52.35784478296283397954
53.97462120614347760716
55.35535521672339396320
56.27126551205956413963
59.10542781697669246253
60.36407563976705170829
61.24429951205959776512
62.83072585053658748983
64.05189368601312482264
65.88138382403200222452
67.64531643579523302746
68.65350378500521652805
70.81503962730311408025
71.55240384151235524716
72.75971752594515861788
74.03114945928861271961
76.26390768314818556525
77.81810740236047177022
78.98756189878473537741
79.72147115847300091568
81.56097168717648100468
82.99863372635085137889
83.90129341446294263174
85.97104749029352662806
87.51353836383267341144
88.51862095582458058148
89.98786659852015656943
90.68705637508804916742
92.08142993815856032117
94.52449237429813006283
95.35266118815355943718
96.55294026879432874471
98.01079292569272785074
99.39724058931706577945
