5.19811619946654558608
8.41361099147117759846
9.97989590209139315061
13.85454287448149778876
15.74686940763941532761
17.16141654370607042291
19.65122423323359536954
21.65252506979642618330
24.15466453997877089700
25.68439458577475868572
27.13547137980929158541
28.64452753804391579442
31.84774663804095524858
32.74739063281339313639
34.35044122160486850148
36.44798398706108812249
37.37953167877961162724
39.57467223828350455921
41.63369016849716437682
43.33044411227613346121
44.25925719483782731822
45.46395163943458587356
47.75829107161495879280
49.54355560391856968678
50.97331252159187568512
52.35784478296283397954
53.97462120614347760716
55.35535521672339396320
56.27126551205956413963
59.10542781697669246253
60.36407563976705170829
61.24429951205959776512
62.83072585053658748983
64.05189368601312482264
65.88138382403200222452
67.64531643579523302746
68.65350378500521652805
70.81503962730311408025
71.55240384151235524716
72.75971752594515861788
74.03114945928861271961
76.26390768314818556525
77.81810740236047177022
78.98756189878473537741
79.72147115847300091568
81.56097168717648100468
82.99863372635085137889
83.90129341446294263174
85.97104749029352662806
87.51353836383267341144
88.51862095582458058148
89.98786659852015656943
90.68705637508804916742
92.08142993815856032117
94.52449237429813006283
95.35266118815355943718
96.55294026879432874471
98.01079292569272785074
99.39724058931706577945
100.29793193743194292917
101.69126838166402320776
103.15574758184836244349
105.30833368793244915584
106.00309151305304022065
107.41265568194310400558
107.85483997545316808526
109.84117246496586783891
110.95468347377114821350
112.75400286923807847871
113.90425337076455647278
115.03585501036062325560
116.48852849493768990620
117.93624210403280102433
118.33502060366607981715
119.66636954527279398141
122.05754886549288947413
123.06433099795940268709
124.06274411021665302038
125.35131481427844947955
126.25641049820751394262
127.73260271220011758643
129.10629435719920726167
130.35034895076880460435
131.68829191760468476923
133.37902081324097910252
134.38711694896318067211
135.05032036140146812322
136.54587464684650981383
137.36483621369169162690
139.39347495985377345837
140.93835473498766035942
141.82971646881098006499
142.48290732160497190204
144.22976752529236829412
145.48073012246688429201
146.23389476654848767979
147.49092821909051701487
149.44432319279434215372
150.42599370221897894919
152.00108247123439638840
152.55230123589718877274
153.82237168241209999388
154.55081642275517423918
156.56766364436495380801
157.83801758338952726999
158.89490315150961714280
160.13534818951030237631
161.35945805370348955716
162.47806806938250919576
163.54871576011647943300
164.64092480354907021444
165.61863621017166470916
167.90067750978987742251
168.87948382064741597861
169.66245560079958790030
170.67110132798691883899
171.85868130482447870247
173.30466109136790224500
174.11029303423373842873
176.06639872633430566212
176.75340768750135268859
178.15000534370356531021
179.48589859948024753727
180.65008353183059422840
181.25190036636127642329
182.17114758886619904604
183.90951675306340287241
185.70142687376918811889
186.36021001520360100669
187.77037818596407495508
188.46191734995583228098
189.57827855152747205837
191.18250440742388237412
191.97597735770811219523
193.10592379958807606360
194.60316117186874556536
196.32519642571692627785
196.85827647696158374188
198.00862868550795035324
199.10035632504618288564
199.94701083664918359515
201.15330007249911077043
203.11900565529825547577
204.14122598042454426013
204.95932370008113616102
205.93316658053143761788
207.86908580808666857530
208.05048246605174089494
209.51013150315273025417
210.28703557763412115000
211.99517407872521538957
213.34827944355413522118
214.61100973019379504189
215.59969031239505167183
216.13140446449820056853
217.28507688384482745212
218.66370442470617560544
