1.62049583024508401058
2.70191826042558408592
4.46805061448936984485
5.82733620622157002566
7.56397652238752042157
8.46879361640387085847
9.76060647617053544132
10.70081274577193705310
12.49878532625563304127
13.60803938070336577776
14.39948108547307587364
15.38870157540188232769
16.88702495720588850574
18.09345863088890672873
18.86123399616252282131
20.41963646556510260687
21.04134803069365076837
21.80341145041778274808
23.58106383718192372948
24.49165996135023118833
25.51360422560909692343
26.17903542629832474475
27.34683579446599695703
28.44564835155039314268
29.84701989611595979888
30.36547199119814738588
31.66752724486114722836
32.31051262067945096633
33.63152184576736447669
34.14872742710798140493
35.90932955446387129331
36.70897575429619922514
37.24669675280942181010
38.17021797894050870774
39.35630893417709330772
40.64847012687099956686
41.28940394754697904852
42.36426947189179849101
43.24977555609878415455
44.27561515432678434017
44.79077428772925326402
46.23470757498824016012
47.29079744646613095513
47.97656096193176267687
49.08168724031184080415
49.66969307093866393266
50.44865756823623183365
52.15403807994313378940
52.70772331380566800399
53.62610256707449244800
54.34595990641736253422
55.59976092082286943947
56.16370093062784648749
57.20279139570092214709
58.23195750579229575961
59.64874116665261772151
59.83013777536962008227
60.75770112100308058710
61.57271640021379722073
62.86325059285961107909
63.75044375836774930505
64.67690753271508209789
65.57955685610114603495
66.07378636717767502052
67.24044011858049993440
68.06951153418764387769
69.03498086835498152571
