6.18357819545085391438
8.45722917442323072161
12.67494641701135578048
14.82502557032842825143
17.33780210685303969091
18.99858804168614492872
22.48758458302875002506
24.36527977540229805652
25.53118680043342960146
27.98275693569359432445
30.46364068840366112797
32.19515968889227202654
34.45722878527839758406
35.49089317885139349791
37.27195057455605008725
40.39611485175259003484
41.53645675792969665969
42.99208544275153854582
44.82617597081092363120
46.59016101776473881831
48.47784664422187401328
50.66421039080575037300
51.97705346757270762912
53.44223217335454320400
54.48544238876467911470
57.29793175357207405993
58.89367295570934570367
60.02848664743619838440
61.69928326738643065202
63.51962029434189816898
64.34746195114856770147
66.76871398663927173916
68.67895334221049842539
69.88270748325579024920
70.86653039775875701280
72.43209042510202323104
74.39661413767290039535
76.42641955578748235323
77.19199166905656545831
79.26615802430474157317
80.41001319144356065891
81.66032127511310047106
82.99667729381461969887
85.66001486103237415217
86.68096632002107008488
87.88163609495297995656
89.12409319498882190852
90.68102456942652294560
92.36570983011352213850
93.81857517376542423716
95.54993019224657545579
96.87220579510736935827
98.38406923239836365659
99.07966174513259207554
