14.13472514173469379046
21.02203963877155499263
25.01085758014568876321
30.42487612585951321031
32.93506158773918969066
37.58617815882567125722
40.91871901214749518740
43.32707328091499951950
48.00515088116715972794
49.77383247767230218192
52.97032147771446064415
56.44624769706339480437
59.34704400260235307965
60.83177852460980984426
65.11254404808160666088
67.07981052949417371448
69.54640171117397925293
72.06715767448190758252
75.70469069908393316833
77.14484006887480537268
79.33737502024936792276
82.91038085408603018316
84.73549298051705010574
87.42527461312522940653
88.80911120763446542368
92.49189927055848429626
94.65134404051988696660
95.87063422824530975874
98.83119421819369223332
101.31785100573139122879
103.72553804047833941640
105.44662305232609449367
107.16861118427640751512
111.02953554316967452466
111.87465917699263708561
114.32022091545271276589
116.22668032085755438216
118.79078286597621732298
121.37012500242064591895
122.94682929355258820082
124.25681855434576718473
127.51668387959649512428
129.57870419995605098577
131.08768853093265672357
133.49773720299758645013
134.75650975337387133133
138.11604205453344320019
139.73620895212138895045
141.12370740402112376194
143.11184580762063273941
146.00098248676551854740
147.42276534255960204952
150.05352042078488035143
150.92525761224146676185
153.02469381119889619826
156.11290929423786756975
157.59759181759405988753
158.84998817142049872417
161.18896413759602751944
163.03070968718198724331
165.53706918790041883004
167.18443997817451344096
169.09451541556882148951
169.91197647941169896670
173.41153651959155295985
174.75419152336572581338
176.44143429771041888889
178.37740777609997728583
179.91648402025699613934
182.20707848436646191541
184.87446784838750880096
185.59878367770747146653
187.22892258350185199164
189.41615865601693708485
192.02665636071378654728
193.07972660384570404740
195.26539667952923532146
196.87648184095831694862
198.01530967625191242492
201.26475194370378873302
202.49359451414053427769
204.18967180310455433072
205.39469720216328602521
207.90625888780620986150
209.57650971685625985284
211.69086259536530756391
213.34791935971266619064
214.54704478349142322294
216.16953850826370026587
219.06759634902137898568
