0.91846236112798421713
2.51550982125220459719
5.10652943329941928965
6.23557765789007880537
7.34395757423439308333
9.01097890227380692143
10.19006145663115803463
10.91376516595342139042
12.25364504223707217949
13.51745977824085690425
15.41845958808207319591
16.32615453420953329084
17.54322690869305865976
17.94467880162630192686
19.08422532943578305908
20.69624110571608850830
21.45271006910613292608
22.70322486459973362529
24.11903663883344721378
24.90051294768413901571
26.18979084637576203338
27.00459193012691216063
28.36317511639351515512
28.90146241579721432166
29.57839054362177615762
30.85065304050967810412
32.81175941433544803989
33.44897022330994514341
34.29728670181738502803
35.22766458599063071400
36.23995450349511488075
37.14440261805383657246
38.10336769241769901335
39.27690482811444433017
39.98508446958677580280
41.34132702185276110173
42.04803392198134119237
43.62959164661242568505
44.54521127521924341325
45.02602112309954455690
45.95420333579903656764
46.81734188217683473606
47.71048110709864171101
48.83147852952517140876
50.02212141645510035412
51.25790283211717858157
52.09349866471657331124
52.77603166249310162891
53.42674417816318883775
54.85369160565689095390
55.69042417269745134997
56.50982393814109253883
57.26937573304558870449
57.89800556542760834458
59.50121024557659857076
