1.62321411858135276372
3.54730149273500900691
6.50832203154858485336
8.07013521466856548870
9.11209558517578644538
10.45327527144369045714
12.21594893930871446595
14.09506805533827518506
15.39842379771834236904
16.71535223511675595667
18.30931008174258640415
19.35977717642670268920
20.39564929846450604411
21.54249566958256605789
23.76796289923232668123
25.19085168271229060037
25.78369694566814558166
27.14893274813990933299
28.03489720902699440558
29.77591034704889739341
30.53767072864195136131
32.21329758026752415148
33.29775946630843841084
34.81663022808999437231
35.93656709262921494801
36.74149251192387640032
38.05597726854394677139
38.46894449417641362238
40.35450577532151279443
41.98352146628766836932
43.01314989886456551709
43.67989522852296775661
44.95020420164666623040
45.99683255549635402188
47.39092776343204583812
48.04898569767947954188
49.19919949384339640823
50.64321037194582946594
52.07167095642265482882
53.17089447834963840415
53.94453202902367938524
54.91485198695935034775
55.78390661960851645968
56.85860804021621613792
58.32406890865374470607
59.64879333975923200096
60.62329300726716294427
61.57776071351169830603
62.51901134752713316875
64.00965760923808509831
64.59449530681414010566
65.73102143146673771440
66.46492252628803402745
67.65352433836544445868
69.63779039548321338298
70.13488997370603030069
71.40794899485077284541
72.14472799072361014236
72.79149836698330105954
74.20772365278211933933
75.05540929412891399185
76.36094162447392836524
77.36283428175831653278
78.54236173408157812290
79.47334564078516423916
