6.18357819545085391438
8.45722917442323072161
12.67494641701135578048
14.82502557032842825143
17.33780210685303969091
18.99858804168614492872
22.48758458302875002506
24.36527977540229805652
25.53118680043342960146
27.98275693569359432445
30.46364068840366112797
32.19515968889227202654
34.45722878527839758406
35.49089317885139349791
37.27195057455605008725
40.39611485175259003484
41.53645675792969665969
42.99208544275153854582
44.82617597081092363120
46.59016101776473881831
48.47784664422187401328
50.66421039080575037300
51.97705346757270762912
53.44223217335454320400
54.48544238876467911470
57.29793175357207405993
58.89367295570934570367
60.02848664743619838440
61.69928326738643065202
63.51962029434189816898
64.34746195114856770147
66.76871398663927173916
68.67895334221049842539
69.88270748325579024920
70.86653039775875701280
72.43209042510202323104
74.39661413767290039535
76.42641955578748235323
77.19199166905656545831
79.26615802430474157317
80.41001319144356065891
81.66032127511310047106
82.99667729381461969887
85.66001486103237415217
86.68096632002107008488
87.88163609495297995656
89.12409319498882190852
90.68102456942652294560
92.36570983011352213850
93.81857517376542423716
95.54993019224657545579
96.87220579510736935827
98.38406923239836365659
99.07966174513259207554
100.51424555517144412641
102.99710961573540962857
104.10907811042348657865
105.51746452641011089189
106.28869549773303482126
108.43728563488717439467
109.08824496393441147660
110.80204551786231888066
112.52993780870316727966
114.20682708920565074970
115.33923822644214142947
116.22921584364470788610
117.48761183843220024271
119.08095695258716157896
121.23976256109344868209
122.07872730953483716360
123.34688344564273801500
124.98239929061834557233
126.03431039981871410385
127.35101948893607521625
128.35857841924194846861
130.67812356071093928079
132.15258692230330460559
132.73190651265675626342
134.33819237201079036619
135.03914512446711287655
136.99462121197169439979
138.29448366999360173202
139.88250806873546284204
140.96627514608643671838
142.58288053994478185566
143.61260900796232265929
144.83203724064574592175
145.53632635836092569270
147.88420563660537122582
149.34681574873999596109
150.54589374692554997847
151.15969123424125683391
152.71677244268167723529
154.19069654220948084302
155.12854410379384706595
156.84368907709451995444
158.12634935444573953898
159.82491023939506067555
160.80023354964399324885
161.69116986125307799985
162.92168978686886989095
164.09943502165860121745
166.39949818515241792667
167.25998481480508805357
168.38268550593931482819
169.61798482294686383285
170.98331615430286580228
172.17008851874698386060
173.17219013106860563437
174.53007758423853159799
176.84062696264845732974
177.22953217159112976349
178.98840638198299653287
179.45137156326393409270
180.69509987550119153875
182.29803424104686372175
183.80962486170092928135
185.12528365692792664259
186.21358203762315329787
187.41794539953367614852
188.97158782195677916693
189.78508949778220140604
190.62456741493013388498
192.21588831783844557629
194.18657892657898755776
195.26119134932840498257
196.31121309399494895412
197.02558989018168802623
198.55248915317267845957
199.77160559500381879286
200.98640563793905880876
202.60503205702034412862
203.50673117360807592711
205.33619390077629061746
206.11488979162624212571
207.14142886608592558008
208.40488272122986546793
209.08288573319259918851
211.39687813931595726066
212.63748347532592965661
213.44805293372534732819
214.58140829875401575248
215.81839576931646019297
217.00026186181915006702
218.43825787890171892455
218.97972056154027950552
