4.13290370521285159500
9.44293112972850911710
11.28289644158160013323
14.11546426656964617536
16.99590394259028444665
19.72905478631162605831
21.28304715777786994868
22.96557643479148038086
26.47278891481336832796
27.81247022179307495811
29.70278103479729044076
31.71403821697837808868
33.30774552092450944487
36.09652653725364935231
37.84761841624699497845
39.09161586399270911330
40.50893444512204160375
43.12543488567473830906
45.08582264962074326882
46.26641381346456449259
48.47765991878316956161
49.52011218317218428364
51.08998804633721267565
53.75667308835424588804
55.53255063917714331178
56.18438296189636251987
57.97645273661915858652
59.65154477133093815161
61.70402587167499962815
63.12275072000618244686
65.06514241365702536687
66.29364008288515225814
67.60466234108237758306
68.81170260132447222347
71.70699510463459344465
72.66922859014617202343
74.13495666279928009439
75.31416172847076054662
77.25227791686268856519
78.31591638803797696951
80.29609696103971515426
82.12819901639720146254
83.38180251861458413291
84.83164808565722016149
85.40238572830956817911
87.57981836041766813886
89.65154773238927982382
90.80299880420721768332
91.89587122724310087040
93.71988645180634469156
94.92403904575801738570
95.97691678934943732214
97.86078730416956988820
100.02679709263780222519
100.91124035269508581936
102.05396172070845292913
103.30305089265676471712
104.76526138139475337122
106.73652438896907956993
108.01080653013166545519
109.33174348134499247421
110.99587083194580356866
111.97714005666077301154
113.43141561184294801037
114.15713144561307993965
116.89401701849081071326
117.87280673396345400642
119.34365107290449202851
119.99901362231019855627
121.66633545003201862522
123.14402423853704055592
124.34974591625655103268
126.17171963203128246046
127.36530371489061720874
129.14381723929798868948
129.76598162595162568869
130.94459738090318150137
132.25458780661732413220
134.39723605003410408040
135.89253324640470779861
136.60481638615847281747
137.88881748389529375786
139.58625658294176477574
140.44577300612752191669
141.83573043732288906061
143.28582222865697751865
145.28892400958351651114
146.26521661210439676220
147.27258192150166653146
148.49306633608149550599
149.46743403049823973868
151.36815925131333345830
153.08704952272285450245
153.77994293597655938901
155.43065932744666409935
156.44374716345001094275
158.12771900951074180299
158.62717642954046678021
159.95899945265680815277
162.14113163010356504992
163.44963258432286338588
164.36887393957455962449
165.57735350552820924256
166.36484469494534767753
168.28392834527755519175
169.16007074772036079364
171.08498774966638983150
171.90770421384585801070
173.54467326473785986331
174.83762228675139606950
175.59872936525067536574
176.70244305823108217403
177.96861210488378643551
180.08927518940844766914
181.37988487784175096049
182.07139108939399579734
183.22225949763366575458
184.73097564643666600570
185.73559499166785714800
187.11593069199846447951
188.25753065409416409099
189.98965948220523161072
191.37006694073606074400
192.27305630478311135347
193.36051520001364451040
194.36760037999212972164
195.45860488333480377933
197.70984245839809724608
198.44267972097930661304
200.06266643093283282567
200.58848834199645049747
202.30054825001311915225
203.39276944998440339692
204.38030350297967542493
205.37681581605212563516
207.42585711502724619136
208.67469861452365290329
209.80712176659654320562
210.79414674610834203592
211.46585773441996807861
213.13569538816663020377
214.27571757096908972217
215.91535760440540905424
217.07660296670482111536
217.97932004836605763052
219.75484210678797293979
