6.64845334472771471612
9.83144443288666961635
11.95884562608351453027
16.03382112838423567459
17.56699429232555520270
19.54073262278475025038
22.22740545445941091188
24.58846621740819520766
26.77609594800414011652
28.46103510017752247519
29.70790935048096556923
33.00045600687051436795
34.72881297890480867414
35.86863837181227459460
38.12918472143653185015
39.56057294640318170506
41.84243854579169430851
44.03129006144169504470
45.42730008278228938884
46.49272715949140534534
48.34566182106784617655
51.08775192674649135526
52.12590223131697418860
53.83044519544216335105
55.58928033540481015096
56.83886594289098846238
58.38611748535838082679
61.13886475192174510910
62.13290472023387793407
63.70954306098114677180
64.63735966537457410109
66.74764184593780783043
68.59072792482500654083
70.11583715919350470225
71.60595947924301719948
73.35010543146825932499
74.29368843801656841756
75.53490411722811340535
78.07217086438233719405
79.78606249009793910637
80.56730085641069826137
81.92338089315411531197
83.69915700187411316288
84.95250710375497366185
86.80999667933877049696
88.28177659970983559362
90.37657318212815680296
90.71552593314697497727
92.45024325377440322266
93.39442393782801740098
95.97000164603770693983
97.33158825289807159058
98.22745786990107707706
99.83805080753654989246
101.18771709691861068799
102.60528794105001059190
103.66613107976776297479
105.97319379775878612972
107.29710363752595752401
108.49810662426159836014
109.55025860718412724395
110.63619767262785183725
112.61576994504945256034
114.23063987238195242052
115.57841398237707314929
116.63567175978379928607
118.37116230635526215193
119.56149162588000300146
120.28173419185275799296
122.06163228389414363665
124.24283714895035744563
125.28153616905447868500
126.39869937842457311380
127.32063482811523511660
129.04830009432089513291
130.19703826685774787383
132.08600530311752175938
133.03022838833194440073
134.92496389411156063064
135.87449769009838315292
137.20108346684063017168
138.03569903130490200427
139.41059959514573286673
141.94624055160491280783
142.52451243298775164991
143.96159112328732496797
144.94832761326170967167
146.38480960910942336237
147.87972910318246470016
148.67913769892728287807
150.56251067115826846788
152.11474855011540309304
153.28741049942933146022
154.49071569551636363846
155.24207999905581989700
156.49972854394148999130
158.40002704182464424798
159.87277757331362359161
161.24621756169409060417
161.76766259723465913079
163.75767372831084062770
164.61200939317564542299
165.78491326557121566587
166.89840766278787353719
168.85421526151915665003
170.43296176275621066006
171.34359137672453485643
172.11097262964600689165
173.55943502659213614718
174.63872556342505482601
176.35604132093820415875
177.72594205774800278085
178.79286498656000113040
180.24293513551405527834
181.56904101980140674247
182.38368476723031536501
183.79777318558097268564
184.36283132664728033067
186.89606068022711348045
187.94502598742311598674
188.95946867462994296790
190.13959676339321025767
190.97022227611209172174
192.82307540823511249524
193.53667863943284647627
195.09681468864028930638
196.54076456244967267019
197.86100950772366771521
199.09102170624125905532
200.24544084542500411275
200.75406014018308544858
202.19495144288411492964
203.84390194495930467048
205.74617652045258329778
206.16141009304710499293
207.45768007897174545929
208.62576240717071864359
210.30188630352539635398
210.67746219450366533035
212.23144651168633993955
213.52087414078261070642
215.44645145119333895749
216.34003414934312906169
217.19833396494243032768
218.44688310005828280494
219.26209021638039910813
